(DEVICE FILE: lga120h-3030a)

PACKAGE lga120h-3030a
CLASS IC
PINCOUNT 145

PINORDER lga120h-3030a  117 55 56 57 58 50 51 52 53 54,
 45 46 47 48 49 120 43 44 1 2,
 3 121 59 60 113 114 115 116 61 108,
 109 110 111 112 135 136 103 104 105 106,
 107 133 134 41 42 99 100 101 102 40,
 98 4 5 6 7 8 62 63 64 65,
 66 122 123 144 137 145 138 131 132 143,
 142 35 36 37 38 39 93 94 95 96,
 97 9 10 11 12 13 67 68 69 70,
 71 124 125 127 126 139 140 128 129 130,
 141 30 31 32 33 34 88 89 90 91,
 92 118 14 15 16 17 72 73 74 75,
 18 19 20 21 22 76 77 78 79 80,
 23 24 25 26 27 81 82 83 84 85,
 28 29 86 87 119

PINSWAP lga120h-3030a  117 55 56 57 58 50 51 52 53 54,
 45 46 47 48 49 120 43 44 1 2,
 3 121 59 60 113 114 115 116 61 108,
 109 110 111 112 135 136 103 104 105 106,
 107 133 134 41 42 99 100 101 102 40,
 98 4 5 6 7 8 62 63 64 65,
 66 122 123 144 137 145 138 131 132 143,
 142 35 36 37 38 39 93 94 95 96,
 97 9 10 11 12 13 67 68 69 70,
 71 124 125 127 126 139 140 128 129 130,
 141 30 31 32 33 34 88 89 90 91,
 92 118 14 15 16 17 72 73 74 75,
 18 19 20 21 22 76 77 78 79 80,
 23 24 25 26 27 81 82 83 84 85,
 28 29 86 87 119

FUNCTION lga120h-3030a lga120h-3030a  117 55 56 57 58 50 51 52 53 54,
 45 46 47 48 49 120 43 44 1 2,
 3 121 59 60 113 114 115 116 61 108,
 109 110 111 112 135 136 103 104 105 106,
 107 133 134 41 42 99 100 101 102 40,
 98 4 5 6 7 8 62 63 64 65,
 66 122 123 144 137 145 138 131 132 143,
 142 35 36 37 38 39 93 94 95 96,
 97 9 10 11 12 13 67 68 69 70,
 71 124 125 127 126 139 140 128 129 130,
 141 30 31 32 33 34 88 89 90 91,
 92 118 14 15 16 17 72 73 74 75,
 18 19 20 21 22 76 77 78 79 80,
 23 24 25 26 27 81 82 83 84 85,
 28 29 86 87 119

END
